0 10.2393
100 6.19388
200 6.13913
300 5.98757
400 5.82963
500 5.59654
600 5.47029
700 5.34231
800 5.23239
900 5.12837
1000 4.92256
1100 4.599
1200 4.2152
1300 3.98834
1400 3.83789
1500 3.74445
1600 3.65462
1700 3.64476
1800 3.55095
1900 3.45434
2000 3.01565
2100 2.74466
2200 2.52732
2300 2.40947
2400 2.30433
2500 2.2696
2600 2.10886
2700 1.96819
2800 1.90218
2900 1.79829
3000 1.77278
3100 1.61639
3200 1.56311
3300 1.4668
3400 1.42079
3500 1.36909
3600 1.34613
3700 1.28772
3800 1.2523
3900 1.24044
4000 1.22467
4100 1.17141
4200 1.20168
4300 1.20259
4400 1.21048
4500 1.18635
4600 1.26531
4700 1.2866
4800 1.21103
4900 1.24949
5000 1.2471
5100 1.27491
5200 1.25054
5300 1.25287
5400 1.23871
5500 1.24706
5600 1.22946
5700 1.24163
5800 1.2542
5900 1.29843
6000 1.27194
6100 1.26373
6200 1.21971
6300 1.16788
6400 1.16037
6500 1.13951
6600 1.10294
6700 1.11423
6800 1.16849
6900 1.11196
7000 1.15312
7100 1.09717
7200 1.04974
7300 1.04322
7400 1.05109
7500 1.05627
7600 1.04752
7700 1.05821
7800 1.05943
7900 0.967225
8000 0.975343
8100 0.956668
8200 0.988287
8300 0.98249
8400 0.926984
8500 0.895452
8600 0.892744
8700 0.887116
8800 0.85595
8900 0.844108
9000 0.808886
9100 0.93169
9200 0.956275
9300 0.956844
9400 0.952125
9500 0.882991
9600 0.838912
9700 0.812777
9800 0.787692
9900 0.799686
10000 0.821956
10100 0.833432
10200 0.766273
10300 0.777474
10400 0.786496
10500 0.811012
10600 0.828519
10700 0.829332
10800 0.79671
10900 0.890584
11000 0.867991
11100 0.768682
11200 0.799615
11300 0.815643
11400 0.763765
11500 0.790476
11600 0.810819
11700 0.826426
11800 0.818541
11900 0.867541
12000 0.84847
12100 0.86801
12200 0.888456
12300 0.871822
12400 0.874909
12500 0.887125
12600 0.882257
12700 0.883076
12800 0.898052
12900 0.828328
13000 0.889237
13100 0.93328
13200 0.929375
13300 0.891032
13400 0.917175
13500 0.888488
13600 0.906783
13700 0.904118
13800 0.922437
13900 0.910109
14000 0.933758
14100 0.958742
14200 0.958754
14300 0.96321
14400 0.98643
14500 1.06283
14600 1.00694
14700 0.988559
14800 0.96775
14900 0.968352
15000 0.942162
15100 0.914054
15200 0.91341
15300 0.91802
15400 0.911668
15500 0.970927
15600 0.956962
15700 0.907876
15800 0.916881
15900 0.938375
15000 0.895782
15100 0.880164
15200 0.872115
15300 0.8435
15400 0.833163
15500 0.749306
15600 0.763045
15700 0.749169
15800 0.770191
15900 0.762746
16000 0.726212
16100 0.748665
16200 0.734688
16300 0.747727
16400 0.755036
16500 0.721152
16600 0.743187
16700 0.774784
16800 0.755908
16900 0.720785
17000 0.734071
17100 0.732804
17200 0.740314
17300 0.788781
17400 0.780874
17500 0.788114
17600 0.763598
17700 0.755816
17800 0.782703
17900 0.772714
18000 0.773348
18100 0.726144
18200 0.73481
18300 0.71657
18400 0.725905
18500 0.728653
18600 0.732599
18700 0.722275
18800 0.722909
18900 0.724951
19000 0.731352
19100 0.694183
19200 0.726886
19300 0.735068
19400 0.75317
19500 0.746022
19600 0.812826
19700 0.828456
19800 0.780079
19900 0.824331
20000 0.826218
20100 0.852965
20200 0.840742
20300 0.842447
20400 0.842233
20500 0.865164
20600 0.851848
20700 0.864526
20800 0.873118
20900 0.90211
21000 0.885756
21100 0.888118
21200 0.859934
21300 0.827503
21400 0.833208
21500 0.831511
21600 0.813142
21700 0.82981
21800 0.884172
21900 0.834367
22000 0.879428
22100 0.837354
22200 0.80347
22300 0.813413
22400 0.810395
22500 0.81624
22600 0.817573
22700 0.818823
22800 0.824374
22900 0.753921
23000 0.753942
23100 0.74387
23200 0.769956
23300 0.770751
23400 0.724353
23500 0.694741
23600 0.693093
23700 0.687718
23800 0.662541
23900 0.643077
24000 0.61251
24100 0.728985
24200 0.747264
24300 0.752774
24400 0.766424
24500 0.708155
24600 0.667407
24700 0.660152
24800 0.640657
24900 0.652024
25000 0.676006
25100 0.68807
25200 0.63393
25300 0.642199
25400 0.649049
25500 0.670649
25600 0.682816
25700 0.688301
25800 0.656593
25900 0.740143
26000 0.723285
26100 0.626272
26200 0.654746
26300 0.671264
26400 0.62228
26500 0.644677
26600 0.663185
26700 0.678034
26800 0.669872
26900 0.71316
27000 0.698028
27100 0.715902
27200 0.733329
27300 0.722139
27400 0.72649
27500 0.737239
27600 0.732814
27700 0.733259
27800 0.752505
27900 0.706562
28000 0.762045
28100 0.797328
28200 0.797436
28300 0.760614
28400 0.785743
28500 0.763438
28600 0.782434
28700 0.779651
28800 0.796731
28900 0.789602
29000 0.811039
29100 0.835564
29200 0.837948
29300 0.840305
29400 0.862606
29500 0.935743
29600 0.888469
29700 0.864384
29800 0.845793
29900 0.843287
30000 0.821595
30100 0.802305
30200 0.800813
30300 0.806626
30400 0.798741
30500 0.849781
30600 0.835037
30700 0.793961
30800 0.80255
30900 0.821566
31000 0.84816
31100 0.786704
31200 0.824133
31300 0.851083
31400 0.866793
31500 0.797666
31600 0.815543
31700 0.826256
31800 0.862548
31900 0.857416
32000 0.854382
32100 0.860513
32200 0.859422
32300 0.868354
32400 0.852222
32500 0.852856
32600 0.88995
32700 0.891072
32800 0.881785
32900 0.849073
33000 0.814876
33100 0.837697
33200 0.791481
33300 0.782518
33400 0.743062
33500 0.76178
33600 0.758309
33700 0.768717
33800 0.768672
33900 0.754592
34000 0.773263
34100 0.791863
34200 0.782877
34300 0.786429
34400 0.807091
34500 0.7589
34600 0.729477
34700 0.755581
