0 10.2283
100 9.01797
200 8.18412
300 7.31785
400 6.8237
500 6.42219
600 6.0512
700 5.64748
800 5.43596
900 5.19673
1000 4.97901
1100 4.83605
1200 4.67797
1300 4.56897
1400 4.43848
1500 4.37244
1600 4.26531
1700 4.14938
1800 4.01348
1900 3.94576
2000 3.56721
2100 3.28344
2200 3.07203
2300 2.91518
2400 2.77872
2500 2.67004
2600 2.58399
2700 2.53788
2800 2.41246
2900 2.34058
3000 2.27914
3100 2.19929
3200 2.15747
3300 2.05831
3400 1.98003
3500 1.91317
3600 1.8438
3700 1.81922
3800 1.82503
3900 1.7526
4000 1.70658
4100 1.68405
4200 1.64595
4300 1.6586
4400 1.57441
4500 1.51568
4600 1.45236
4700 1.42558
4800 1.41408
4900 1.40727
5000 1.40175
5100 1.3612
5200 1.34749
5300 1.35606
5400 1.34211
5500 1.29876
5600 1.3124
5700 1.27932
5800 1.27095
5900 1.25274
6000 1.24674
6100 1.20709
6200 1.15295
6300 1.10541
6400 1.19981
6500 1.22495
6600 1.25218
6700 1.23754
6800 1.24384
6900 1.23368
7000 1.2373
7100 1.27365
7200 1.27171
7300 1.26404
7400 1.28879
7500 1.2865
7600 1.2612
7700 1.25243
7800 1.23702
7900 1.23421
8000 1.1986
8100 1.19926
8200 1.22862
8300 1.25896
8400 1.20172
8500 1.1923
8600 1.18934
8700 1.17354
8800 1.19373
8900 1.20915
9000 1.19667
9100 1.16237
9200 1.10572
9300 1.10576
9400 1.13668
9500 1.15381
9600 1.1683
9700 1.1871
9800 1.20194
9900 1.21226
10000 1.23411
10100 1.28534
10200 1.28276
10300 1.30431
10400 1.28627
10500 1.30029
10600 1.29057
10700 1.31466
10800 1.27218
10900 1.22299
11000 1.23284
11100 1.24489
11200 1.27014
11300 1.25486
11400 1.20419
11500 1.17489
11600 1.19668
11700 1.19376
11800 1.16458
11900 1.16445
12000 1.14205
12100 1.0936
12200 1.05947
12300 1.02718
12400 1.05689
12500 1.05293
12600 1.07883
12700 1.07041
12800 1.1158
12900 1.15015
13000 1.12922
13100 1.12923
13200 1.12533
13300 1.1832
13400 1.19727
13500 1.18549
13600 1.15873
13700 1.14167
13800 1.12844
13900 1.16022
14000 1.17608
14100 1.20254
14200 1.26008
14300 1.25869
14400 1.20742
14500 1.19135
14600 1.11249
14700 1.08975
14800 1.044
14900 1.02326
15000 1.00332
15100 1.03063
15200 1.05161
15300 0.998822
15400 1.00014
15500 1.03829
15600 1.04593
15700 1.04483
15800 1.06554
15900 1.04666
16000 1.01024
16100 0.983795
16200 0.942364
16300 0.945867
16400 0.995872
16500 0.988866
16600 1.00428
16700 1.04218
16800 1.05984
16900 1.07476
17000 1.08492
17100 1.05762
17200 1.04389
17300 1.02498
17400 1.04436
17500 1.02357
17600 1.0354
17700 1.05321
17800 1.04842
17900 1.03716
18000 1.06547
18100 1.0507
18200 1.09941
18300 1.09781
18400 1.07378
18500 1.0617
18600 1.09897
18700 1.08971
18800 1.0614
18900 1.04573
19000 1.09417
19100 1.10288
19200 1.10032
19300 1.12715
19400 1.1561
19500 1.15087
19600 1.11901
19700 1.13173
19800 1.1388
19900 1.11987
20000 1.1237
20100 1.11845
20200 1.08877
20300 1.06888
20400 1.04465
20500 1.0364
20600 1.01894
20700 1.00968
20800 1.0446
20900 1.00951
21000 0.954127
21100 0.907703
21200 0.928559
21300 0.89144
21400 0.82868
21500 0.834652
21600 0.830933
21700 0.801573
21800 0.800195
21900 0.824414
22000 0.846881
22100 0.86786
22200 0.870439
22300 0.886939
22400 0.877895
22500 0.902148
22600 0.898794
22700 0.88597
22800 0.888815
22900 0.944254
23000 0.953605
23100 0.987477
23200 0.9737
23300 0.972559
23400 0.98282
23500 0.974111
23600 0.984657
23700 0.963154
23800 0.969838
23900 0.953659
24000 0.929734
24100 0.943806
24200 0.958502
24300 0.950706
24400 0.982181
24500 0.926521
24600 0.936823
24700 0.97601
24800 0.97227
24900 0.941457
25000 0.912522
25100 0.928613
25200 0.906928
25300 0.941077
25400 0.912531
25500 0.930339
25600 0.92556
25700 0.924654
25800 0.884286
25900 0.900794
26000 0.884249
26100 0.865917
26200 0.843474
26300 0.833483
26400 0.855803
26500 0.904396
26600 0.934815
26700 0.885225
26800 0.869945
26900 0.904768
27000 0.916706
27100 0.883068
27200 0.906413
27300 0.888274
27400 0.905634
27500 0.898939
27600 0.899674
27700 0.930863
27800 0.958817
27900 0.956117
28000 0.95551
28100 0.937001
28200 0.935156
28300 0.960854
28400 0.945432
28500 0.928232
28600 0.921904
28700 0.941443
28800 0.946837
28900 0.912873
29000 0.943812
29100 0.941126
29200 0.93145
29300 0.927147
29400 0.910324
29500 0.899258
29600 0.895702
29700 0.917563
29800 0.905168
29900 0.878206
30000 0.884808
30100 0.929341
30200 0.948137
30300 0.955121
30400 0.963621
30500 0.984414
30600 0.96636
30700 0.962838
30800 0.959539
30900 0.961961
31000 0.948163
31100 0.979907
31200 0.99238
31300 1.01288
31400 1.0377
31500 1.05075
31600 1.04685
31700 1.02922
31800 1.03088
31900 1.03176
32000 1.06185
32100 1.04383
32200 1.02826
32300 0.988179
32400 0.982246
32500 0.974228
32600 0.957382
32700 0.929727
32800 0.916785
32900 0.937557
33000 0.942102
33100 0.915558
33200 0.917719
33300 0.909459
33400 0.924335
33500 0.911894
33600 0.941301
33700 0.923228
33800 0.953402
33900 0.983342
34000 0.934274
34100 0.92947
34200 0.94029
34300 0.97203
34400 0.983156
34500 0.96807
34600 0.958073
34700 0.990164
34800 1.01419
34900 1.01612
35000 1.01892
35100 1.02643
35200 1.00248
35300 1.02887
35400 1.01523
35500 1.01798
35600 0.979059
35700 1.01198
35800 0.950839
35900 0.951032
36000 0.955203
36100 0.95003
36200 0.944597
36300 0.91586
36400 0.894695
36500 0.903132
36600 0.924528
36700 0.941941
36800 0.914409
36900 0.922161
37000 0.908488
37100 0.902712
37200 0.900359
37300 0.864635
37400 0.864906
37500 0.863115
37600 0.885812
37700 0.849768
37800 0.894182
37900 0.861794
38000 0.873752
38100 0.85275
38200 0.854576
38300 0.872405
38400 0.883687
38500 0.894249
38600 0.899334
38700 0.872623
38800 0.883514
38900 0.898457
39000 0.924885
39100 0.927435
39200 0.931006
39300 0.936221
39400 0.941591
39500 0.959207
39600 0.932426
39700 0.910338
39800 0.931496
39900 0.94339
40000 0.950769
40100 0.982035
40200 0.954129
40300 0.948279
40400 0.920876
40500 0.916495
40600 0.936949
40700 0.941785
40800 0.950857
40900 0.926465
41000 0.911834
41100 0.898995
41200 0.895147
41300 0.888078
41400 0.877774
41500 0.836919
41600 0.854472
41700 0.865457
41800 0.850745
41900 0.855896
42000 0.862642
42100 0.884294
42200 0.902985
42300 0.925323
42400 0.943863
42500 0.917551
42600 0.886557
42700 0.891173
42800 0.887383
42900 0.90385
43000 0.903754
43100 0.894149
43200 0.883065
43300 0.887559
43400 0.881156
43500 0.919697
43600 0.925639
43700 0.950562
43800 0.962866
43900 0.96209
44000 0.947505
44100 0.90515
44200 0.89835
44300 0.830623
44400 0.817176
44500 0.817115
44600 0.82729
44700 0.809763
44800 0.85374
44900 0.875128
45000 0.874296
45100 0.898963
45200 0.901054
45300 0.904093
45400 0.893052
45500 0.888221
45600 0.862376
45700 0.853668
45800 0.852022
45900 0.844401
46000 0.83271
46100 0.869369
46200 0.892409
46300 0.905484
46400 0.932161
46500 0.990589
46600 0.993139
46700 0.991764
46800 0.93987
46900 0.868502
47000 0.865878
47100 0.904107
47200 0.963064
47300 0.965381
47400 0.967843
47500 0.981959
47600 0.980935
47700 0.974495
47800 0.963044
47900 0.974836
48000 1.00436
48100 0.956438
48200 0.942188
48300 0.944194
48400 0.949905
48500 0.938095
48600 0.929531
48700 0.953814
48800 0.959419
48900 0.979455
49000 0.959884
49100 0.920926
49200 0.850302
49300 0.840366
49400 0.847688
49500 0.856034
49600 0.883372
49700 0.875135
49800 0.876698
49900 0.843551
50000 0.835857
50100 0.879863
50200 0.895994
50300 0.92219
50400 0.909028
50500 0.865427
50600 0.858361
50700 0.843903
50800 0.863162
50900 0.860256
51000 0.858241
51100 0.843155
51200 0.86549
51300 0.891199
51400 0.901804
51500 0.869628
51600 0.85817
51700 0.870878
51800 0.871332
51900 0.904994
52000 0.86811
52100 0.848712
52200 0.833874
52300 0.838116
52400 0.832967
